Sanonda 6 3413 3244 3118 3357 4648 4831 0.69 1.00 4
Ishra 4 2278 3036 3626 0 0 0 0.55 0.34 2
Alice 2 1805 0 0 0 0 0 0.74 0.74 3
Whjl 1 0 0 0 0 0 0 1.00 1.00 0
joya 1 0 0 0 0 0 0 1.00 1.00 2
Sanond 1 0 0 0 0 0 0 1.00 1.00 0
Abc 2 1954 0 0 0 0 0 1.00 1.00 0
abc 3 2557 2408 0 0 0 0 0.86 1.00 0
abx 2 2449 0 0 0 0 0 1.00 1.00 0
Rahim 3 2202 3287 0 0 0 0 0.75 0.93 2
Min 2 1931 0 0 0 0 0 1.00 1.00 0
Hi 1 0 0 0 0 0 0 1.00 1.00 0
Loser 2 2009 0 0 0 0 0 1.00 1.00 4
Shabit 4 1802 3650 2914 0 0 0 1.00 1.00 3
shuvra 2 1667 0 0 0 0 0 1.00 1.00 3
